21161496
2273540971
182119106
1754090778
158420
56146
3216519
1950371695
3256282394
97036090
1647876792
29995
9562942464
1535644875
2645596287
178673350
100001
72656640
96662
187164907
66479915
1731003198
169972484
806470208
1976678711
185512334
1739778335
52431
1743599077
175799157
1717258217
78881259
891380
17286658
172200165
127638011
919404
1716698576
535255082
125556874
1482829233
1535644786
2216575127
179909473
174390302
1470721906
863987
9498330
172724330
1584082622
147380699
75531168
1488872547
3099028904
178289284
7019765
1483071011
178972511
83940
70723
1579711875
460426
934137587
3367743577
10949
1719838799
1754705219
9093919799
110094603
1488872713
